44.62
44.62
44.62
44.62
44.62
44.62
44.62
44.62
44.62
44.62
44.62
44.62
44.62
44.62
44.62
44.62
44.62
44.62
44.62
44.62
44.62
44.62
44.62
44.62
44.62
44.62
44.62
44.62
44.62
44.62
44.62
44.62
44.62
44.62
44.62
44.62
44.62
44.62
44.62
44.62
44.62
44.62
44.62
44.62
44.62
44.62
44.62
44.62
44.62
44.62
44.62
44.62
44.62
44.62
44.62
44.62
44.62
44.62
44.62
44.62
44.62
44.62
44.62
44.62
44.62
44.62
44.62
44.62
44.62
44.62
44.62
44.62
44.62
44.62
44.62
44.62
44.62
44.62
44.62
44.62
44.62
44.62
44.62
44.62
44.62
44.62
44.62
44.62
44.62
44.62
44.62
44.62
44.62
44.66
44.66
44.66
44.66
44.66
44.66
44.29
40.05
40.05
40.05
40.05
40.05
40.05
40.05
40.05
40.02
39.65
39.65
39.65
39.65
39.65
39.65
39.65
39.65
39.65
39.65
39.65
39.65
39.65
39.65
39.65
39.65
39.65
39.65
39.65
39.65
39.65
39.65
39.65
39.65
39.65
39.65
39.65
39.65
39.65
39.65
39.65
39.65
39.65
39.65
39.65
39.65
39.65
39.65
39.65
39.65
39.65
39.65
39.65
39.65
39.65
39.65
39.65
39.65
39.65
39.65
39.65
39.65
39.65
39.65
39.65
39.65
39.65
39.65
39.65
39.65
39.65
39.65
39.65
39.65
39.65
39.65
39.65
39.65
39.65
39.65
39.65
39.65
39.65
39.65
39.65
39.65
39.65
39.65
39.65
39.65
39.65
39.65
39.65
39.65
39.65
39.65
39.65
39.65
39.65
39.65
39.65
41.52
41.52
41.52
41.52
41.52
41.52
41.52
41.52
41.52
41.52
41.52
41.52
41.52
41.52
41.52
41.52
41.52
41.52
41.52
41.52
41.52
41.52
41.52
41.52
41.52
41.52
41.52
41.52
41.52
41.52
41.52
41.52
41.52
41.52
41.52
41.52
41.52
41.52
41.52
41.52
41.52
41.52
41.52
41.52
41.52
41.52
41.52
41.52
41.52
41.52
41.52
41.52
41.52
41.52
41.52
41.52
41.52
41.52
41.52
41.52
41.52
41.52
41.52
41.52
41.52
41.52
41.52
41.52
41.52
41.52
41.52
41.52
41.52
41.52
41.52
41.52
41.52
41.52
41.51
41.51
41.51
41.51
41.51
41.51
41.51
41.51
41.51
41.51
41.51
41.51
41.51
41.51
41.51
41.51
41.51
41.51
41.51
41.51
41.51
41.51
40.16
40.16
40.16
40.16
40.16
40.16
39.70
39.70
39.70
39.70
39.70
39.70
39.70
39.70
39.70
39.70
39.70
39.70
39.70
39.70
39.70
39.70
38.25
38.25
38.25
38.25
38.25
38.25
38.25
38.25
38.25
38.25
38.25
38.25
38.25
38.25
38.25
38.25
38.25
38.25
38.25
38.25
38.25
38.25
38.25
38.25
38.25
38.25
38.25
38.25
38.25
38.25
38.25
38.25
38.25
38.25
38.25
38.25
38.25
38.25
38.25
38.25
38.25
38.25
38.25
38.25
38.25
38.25
38.25
38.25
38.25
38.25
38.25
38.25
38.25
38.25
38.25
38.25
38.25
38.25
38.25
38.25
38.25
38.25
38.25
38.25
38.25
38.25
38.25
38.25
38.25
38.25
38.25
38.25
38.25
38.25
38.25
38.25
38.25
38.25