0.785 
1.021 
1.273 
1.569 
1.872 
2.117 
2.433 
2.664 
2.943 
3.283 
0.736 
0.998 
0.757 
1.006 
1.26 
1.53 
1.781 
2.029 
2.288 
2.529 
2.792 
3.046 
0.99 
1.085 
1.375 
1.598 
1.95 
2.301 
2.596 
2.898 
3.246 
3.676 
4.102 
4.411 
4.799 
5.175 
5.671 
5.987 
6.243 
6.445 
6.736 
7.136 
7.566 
8.093 
8.366 
8.675 
9.07 
9.38 
9.699 
10.004 
0.867 
1.149 
1.413 
1.769 
2.007 
2.489 
2.762 
2.958 
3.299 
3.463 
3.68 
4.046 
4.307 
4.741 
4.938 
5.169 
5.52 
5.712 
5.931 
6.159 
6.412 
6.687 
7.108 
7.435 
7.634 
7.996 
8.189 
8.462 
8.912 
9.176 
9.565 
9.789 
10.036 
10.386 
10.591 
10.918 
11.063 
11.354 
11.617 
12.05 
12.164 
12.385 
12.734 
12.919 
13.277 
13.456 
13.707 
14.052 
14.257 
14.617 
14.82 
15.025 
15.245 
15.535 
15.756 
16.149 
16.349 
16.621 
16.996 
17.188 
17.534 
17.742 
17.946 
18.292 
18.487 
18.874 
19.138 
19.341 
19.658 
19.944 
20.192 
20.602 
20.806 
21.253 
21.567 
21.928 
22.339 
22.546 
22.887 
23.131 
23.355 
23.756 
23.967 
24.19 
24.472 
24.726 
25.104 
0.917 
1.333 
1.767 
2.895 
3.728 
4.731 
5.838 
7.016 
7.794 
8.912 
9.379 
9.711 
10.028 
10.339 
1.961 
1.068 
1.336 
1.66 
1.701 
1.94 
2.186 
2.451 
2.735 
3.133 
3.498 
3.758 
4.063 
4.295 
2.575 
2.97 
3.252 
3.51 
2.283 
2.515 
2.798 
3.028 
3.502 
3.746 
4.024 
4.286 
4.558 
4.753 
4.839 
5.102 
5.362 
5.838 
6.128 
6.51 
6.787 
7.097 
7.166 
7.431 
7.718 
7.963 
8.402 
8.671 
8.955 
9.201 
9.432 
9.521 
9.769 
10.039 
10.537 
10.712 
10.987 
11.29 
11.562 
11.783 
12.072 
12.174 
12.425 
12.68 
13.12 
13.392 
13.744 
13.956 
14.239 
14.515 
14.578 
15.018 
15.153 
0.846 
1.115 
1.4 
1.691 
2.035 
2.611 
2.789 
3.057 
3.393 
3.644 
4.05 
4.358 
4.745 
5.03 
5.324 
5.771 
5.873 
6.352 
6.654 
6.973 
7.38 
7.508 
7.721 
7.98 
8.323 
8.858 
9.171 
9.294 
9.752 
9.9 
10.427 
10.531 
10.979 
11.184 
11.462 
11.749 
12.265 
12.568 
12.905 
13.05 
13.555 
13.806 
14.463 
15.019 
15.526 
15.694 
15.962 
16.261 
16.741 
16.824 
17.223 
17.531 
17.759 
18.122 
18.395 
18.739 
18.844 
19.099 
19.345 
19.784 
20.09 
20.409 
20.715 
21.056 
21.327 
21.644 
21.747 
22.186 
22.302 
22.543 
22.816 
23.084 
