0.284 
0.472 
0.664 
0.851 
1.04 
1.242 
1.481 
1.665 
1.85 
2.033 
2.219 
2.408 
2.619 
2.757 
2.909 
3.174 
3.307 
3.267 
3.723 
3.857 
4.009 
4.273 
4.407 
4.367 
4.823 
4.959 
4.922 
5.337 
5.508 
5.469 
5.92 
6.068 
6.021 
6.475 
6.613 
6.576 
7.017 
7.157 
6.95 
7.577 
7.716 
7.678 
8.15 
8.259 
7.867 
8.657 
8.808 
8.418 
9.225 
9.372 
8.979 
9.766 
9.918 
9.526 
10.318 
10.471 
10.082 
10.9 
11.04 
10.833 
11.447 
11.593 
11.386 
12.01 
12.149 
11.946 
12.561 
12.713 
12.504 
13.126 
13.27 
13.062 
13.699 
13.849 
13.809 
14.254 
14.393 
14.361 
14.819 
14.955 
14.916 
15.359 
15.499 
15.462 
15.914 
16.052 
16.042 
15.287 
15.473 
15.662 
15.851 
16.033 
16.22 
16.594 
16.78 
16.971 
17.157 
17.149 
17.525 
17.511 
0.306 
0.524 
0.704 
0.896 
1.1 
1.292 
1.465 
1.644 
1.833 
2.022 
2.255 
2.427 
2.607 
2.797 
2.987 
3.182 
3.36 
3.583 
3.728 
3.958 
4.146 
4.288 
4.53 
4.673 
4.887 
5.074 
5.249 
5.453 
5.646 
5.787 
1.784 
6.198 
6.356 
2.355 
6.766 
7.127 
5.208 
7.323 
7.476 
6.688 
7.886 
8.043 
6.309 
8.449 
8.604 
6.875 
9.028 
9.188 
9.328 
9.593 
9.75 
9.895 
5.907 
10.315 
10.501 
9.697 
10.897 
11.058 
10.259 
11.475 
11.623 
11.773 
7.785 
12.194 
12.357 
9.672 
12.768 
12.923 
10.501 
13.452 
13.481 
11.744 
13.891 
14.043 
13.259 
14.46 
14.619 
13.825 
15.027 
15.185 
15.334 
15.595 
15.75 
15.894 
11.905 
16.307 
16.471 
13.787 
16.88 
17.034 
15.299 
12.08 
12.263 
12.453 
12.653 
12.826 
13.015 
13.203 
13.388 
13.576 
0.453 
0.591 
0.742 
0.971 
1.123 
1.38 
1.518 
1.658 
1.892 
2.039 
2.307 
2.447 
2.591 
2.841 
2.988 
3.22 
3.379 
3.552 
3.792 
3.938 
4.167 
4.323 
4.594 
4.729 
4.882 
5.155 
5.273 
5.445 
5.684 
5.831 
6.06 
6.221 
6.382 
6.615 
6.767 
7 
7.154 
7.321 
7.566 
7.719 
7.978 
8.12 
8.272 
8.499 
8.652 
8.911 
9.048 
9.192 
9.432 
9.584 
9.812 
9.959 
10.225 
10.353 
10.514 
10.757 
10.903 
11.136 
11.289 
11.457 
11.702 
11.852 
12.035 
12.206 
12.408 
12.614 
12.78 
12.975 
13.171 
13.371 
13.541 
13.733 
13.931 
14.095 
14.294 
14.493 
14.655 
14.848 
15.046 
15.249 
15.448 
15.614 
15.818 
16.012 
16.206 
16.369 
16.575 
16.768 
16.929 
17.126 
17.328 
17.521 
17.68 
17.883 
18.073 
18.266 
18.428 
18.61 
18.797 
18.988 
