1.51 
3.31 
3.328 
3.339 
3.338 
3.338 
3.341 
3.355 
3.367 
3.727 
3.737 
3.738 
3.757 
4.151 
4.192 
4.238 
5.447 
5.446 
5.447 
5.45 
5.461 
5.469 
5.464 
5.477 
5.489 
5.52 
5.503 
5.509 
5.487 
5.507 
5.501 
5.516 
5.515 
5.518 
5.523 
5.549 
5.574 
5.535 
5.799 
5.814 
5.833 
5.83 
5.849 
5.86 
5.851 
5.852 
5.856 
5.87 
5.87 
5.893 
5.898 
5.894 
5.895 
5.915 
5.894 
5.917 
5.917 
5.94 
5.929 
5.916 
5.915 
5.946 
5.939 
5.956 
5.995 
6.224 
6.271 
6.286 
6.285 
6.328 
6.336 
6.336 
6.362 
6.507 
7.542 
7.549 
7.549 
7.582 
7.576 
7.575 
7.582 
7.579 
7.582 
7.591 
7.618 
7.623 
7.627 
7.609 
7.638 
7.623 
7.703 
7.746 
7.756 
8.004 
8.018 
8.046 
8.022 
8.023 
8.503 
8.498 
8.539 
3.052 
3.064 
3.077 
3.094 
3.1 
3.112 
3.113 
3.117 
3.153 
3.163 
3.171 
3.173 
3.2 
3.219 
3.254 
3.465 
3.48 
3.497 
3.51 
3.535 
3.535 
3.541 
3.551 
3.629 
3.63 
3.641 
3.669 
3.671 
3.731 
3.782 
3.783 
3.821 
3.968 
3.99 
4.024 
4.052 
4.108 
4.112 
4.113 
5.232 
5.25 
5.262 
5.264 
5.291 
5.299 
5.302 
5.304 
5.352 
5.353 
5.36 
5.383 
5.39 
5.39 
5.398 
5.398 
5.398 
5.407 
5.407 
5.423 
5.434 
5.463 
5.533 
5.54 
5.55 
5.634 
5.656 
5.677 
5.738 
5.742 
5.761 
5.763 
5.769 
5.772 
5.772 
5.772 
5.775 
5.779 
5.784 
5.789 
5.792 
5.792 
5.795 
5.83 
5.831 
5.832 
5.837 
6.014 
6.042 
6.152 
6.156 
6.159 
6.262 
6.313 
6.348 
6.667 
7.11 
7.543 
7.579 
8.422 
8.438 
2.953 
2.971 
2.975 
2.978 
2.995 
3.008 
3.011 
3.025 
3.029 
3.037 
3.052 
3.059 
3.086 
3.108 
3.116 
3.218 
3.254 
3.273 
3.322 
3.326 
3.341 
3.341 
3.343 
3.347 
3.352 
3.353 
3.353 
3.354 
3.444 
3.507 
4.945 
4.963 
4.971 
4.978 
4.983 
5.004 
5.012 
5.02 
5.027 
5.035 
5.052 
5.056 
5.067 
5.073 
5.076 
5.076 
5.077 
5.085 
5.096 
5.098 
5.101 
5.133 
5.141 
5.148 
5.186 
5.356 
5.36 
5.376 
5.399 
5.404 
5.406 
5.411 
5.425 
5.493 
5.602 
6.017 
6.115 
6.148 
7.183 
7.188 
7.198 
7.203 
7.21 
7.214 
7.217 
7.221 
7.224 
7.231 
7.234 
7.238 
7.243 
7.249 
7.265 
7.271 
7.298 
7.298 
7.3 
7.317 
7.348 
7.362 
7.641 
7.665 
7.669 
7.669 
7.678 
7.72 
7.785 
8.119 
8.129 
8.147 
2.907 
2.91 
2.913 
2.917 
2.92 
2.937 
2.952 
2.963 
2.968 
2.989 
3 
3 
3.019 
3.02 
3.147 
3.153 
3.284 
3.293 
3.3 
3.329 
3.33 
3.344 
3.349 
3.36 
3.363 
3.37 
3.397 
3.397 
3.397 
3.403 
3.411 
3.427 
3.432 
3.433 
3.433 
3.731 
5.078 
5.081 
5.087 
5.089 
5.099 
5.102 
5.119 
5.127 
5.135 
5.16 
5.16 
5.163 
5.18 
5.187 
5.187 
5.189 
5.195 
5.2 
5.208 
5.238 
5.291 
5.341 
5.348 
5.368 
5.37 
5.376 
5.422 
5.484 
5.494 
5.497 
5.509 
5.513 
5.542 
5.548 
5.59 
5.591 
5.591 
5.605 
5.606 
5.606 
5.606 
5.606 
5.617 
5.626 
5.628 
5.725 
5.807 
6.004 
6.085 
6.141 
7.219 
7.224 
7.231 
7.232 
7.234 
7.293 
7.295 
7.347 
7.355 
7.365 
7.374 
7.452 
8.157 
8.192 
7.701 
7.727 
7.743 
7.765 
7.768 
7.773 
7.779 
7.792 
7.847 
7.849 
7.864 
7.864 
7.907 
8.033 
8.104 
8.106 
8.14 
8.154 
8.186 
9.478 
9.487 
9.509 
9.576 
9.59 
9.596 
9.598 
9.599 
9.607 
9.625 
9.626 
9.629 
9.646 
9.664 
9.67 
9.681 
9.698 
9.704 
9.705 
9.705 
9.711 
9.716 
9.738 
9.758 
9.791 
9.807 
9.897 
9.927 
9.933 
9.967 
10.001 
10.017 
10.04 
10.055 
10.064 
10.102 
10.103 
10.295 
11.71 
11.866 
11.983 
12.084 
12.097 
12.114 
12.121 
12.139 
12.146 
12.169 
12.177 
12.184 
12.185 
12.191 
12.197 
12.203 
12.206 
12.211 
12.231 
12.236 
12.248 
12.264 
12.318 
12.405 
12.421 
12.426 
12.534 
12.552 
12.557 
12.566 
12.569 
12.574 
12.588 
12.592 
12.597 
12.599 
12.601 
12.604 
12.607 
12.654 
12.656 
12.659 
12.669 
12.669 
12.67 
12.682 
12.687 
12.691 
12.743 
12.907 
13.124 
13.144 
14.286 
14.327 
14.33 
14.336 
14.343 
14.343 
14.356 
14.362 
14.365 
14.389 
14.392 
14.392 
14.395 
14.4 
14.408 
14.417 
14.431 
14.463 
14.47 
14.47 
14.49 
14.566 
14.647 
14.716 
14.726 
14.73 
14.737 
14.743 
14.757 
14.769 
14.774 
14.776 
14.814 
14.838 
14.841 
14.846 
14.853 
14.853 
14.861 
14.895 
14.899 
14.938 
15.031 
15.049 
15.116 
15.16 
15.165 
15.194 
15.244 
15.297 
15.344 
15.468 
15.496 
16.523 
16.551 
16.551 
16.551 
16.553 
16.563 
16.566 
16.576 
16.578 
16.581 
16.582 
16.597 
16.604 
16.619 
16.621 
16.626 
16.642 
16.667 
16.723 
16.737 
16.748 
16.95 
16.953 
16.971 
16.98 
16.983 
16.99 
16.996 
16.996 
17 
17 
17.007 
17.025 
17.041 
17.045 
17.046 
17.05 
17.052 
17.054 
17.069 
17.07 
17.121 
17.239 
17.253 
17.281 
17.321 
17.343 
17.343 
17.433 
17.446 
17.476 
17.476 
17.476 
17.478 
17.588 
18.737 
18.752 
18.759 
18.774 
18.778 
18.799 
18.806 
18.818 
18.83 
18.83 
18.83 
18.841 
18.841 
18.853 
18.866 
18.875 
18.875 
18.889 
18.889 
18.891 
18.908 
18.928 
19.087 
19.089 
19.168 
19.179 
19.182 
19.188 
19.193 
19.208 
19.215 
19.236 
19.242 
19.247 
19.253 
19.253 
19.282 
19.285 
19.301 
19.312 
19.315 
19.316 
19.316 
19.334 
19.436 
19.559 
19.565 
19.576 
19.59 
19.612 
19.65 
19.658 
19.665 
19.667 
19.678 
19.711 
19.735 
19.745 
19.794 
25.998 
26.013 
26.013 
26.056 
26.06 
26.062 
26.071 
26.078 
26.102 
26.102 
26.103 
26.104 
26.104 
26.104 
26.104 
26.104 
26.109 
26.117 
26.12 
26.12 
26.145 
26.802 
50.069 
50.098 
