0.187 
0.112 
0.145 
0.203 
0.262 
0.323 
0.381 
0.429 
0.483 
0.534 
0.581 
0.627 
0.143 
0.184 
0.24 
0.3 
0.359 
0.418 
0.459 
0.505 
0.544 
0.59 
0.173 
0.234 
0.296 
0.352 
0.393 
0.442 
0.482 
0.531 
0.572 
0.614 
0.137 
0.186 
0.244 
0.302 
0.357 
0.409 
0.453 
0.504 
0.544 
0.593 
0.289 
0.366 
0.45 
0.503 
0.583 
0.641 
0.683 
0.73 
0.901 
0.936 
0.98 
1.05 
1.089 
1.146 
1.196 
1.257 
1.332 
1.391 
1.445 
1.513 
1.553 
1.594 
1.637 
1.678 
1.737 
1.789 
1.835 
1.876 
1.924 
1.966 
2.014 
2.057 
2.1 
2.141 
2.182 
2.253 
2.296 
2.338 
2.387 
2.425 
2.467 
2.511 
2.552 
2.596 
2.637 
2.685 
2.726 
2.802 
2.841 
2.889 
2.927 
2.974 
3.015 
3.065 
3.101 
3.142 
3.194 
3.228 
3.279 
3.32 
3.367 
3.406 
3.448 
3.494 
3.534 
3.578 
3.62 
3.665 
3.706 
3.75 
3.791 
3.83 
3.876 
3.916 
3.962 
4.002 
4.051 
4.09 
4.14 
4.182 
4.225 
4.274 
4.318 
4.367 
4.411 
4.459 
4.503 
4.551 
4.596 
4.64 
4.691 
4.734 
4.784 
4.824 
4.87 
4.909 
4.957 
4.996 
5.043 
5.082 
0.265 
0.332 
0.419 
0.461 
0.522 
0.565 
0.616 
0.683 
0.738 
0.79 
0.832 
0.882 
0.924 
0.99 
1.035 
1.093 
1.133 
1.183 
1.224 
1.27 
1.31 
1.373 
1.414 
1.484 
1.515 
1.561 
1.6 
1.649 
1.691 
1.741 
1.78 
1.828 
1.937 
1.975 
2.023 
2.06 
2.106 
2.145 
2.199 
2.24 
2.291 
2.347 
2.399 
2.458 
2.508 
2.567 
2.629 
2.682 
2.728 
2.767 
2.809 
2.856 
2.898 
2.955 
2.988 
3.036 
3.085 
3.129 
3.17 
3.217 
3.261 
3.306 
3.345 
3.394 
3.433 
3.485 
3.53 
3.571 
3.617 
3.658 
3.701 
3.742 
3.786 
3.841 
3.887 
3.926 
3.971 
4.012 
4.051 
4.097 
4.138 
4.183 
4.225 
4.272 
4.311 
4.358 
4.397 
4.437 
4.483 
4.527 
4.57 
4.611 
4.655 
4.696 
4.741 
4.782 
4.82 
4.865 
4.904 
4.95 
0.241 
0.452 
0.517 
0.557 
0.605 
0.647 
0.716 
0.755 
0.811 
0.843 
0.889 
0.929 
0.976 
1.015 
1.059 
1.127 
1.173 
1.215 
1.262 
1.303 
1.342 
1.389 
1.429 
1.475 
1.524 
1.562 
1.601 
1.678 
1.722 
1.777 
1.829 
1.889 
1.937 
1.997 
2.049 
2.102 
2.144 
2.191 
2.241 
2.274 
2.322 
2.403 
2.446 
2.497 
2.539 
2.581 
2.624 
2.665 
2.71 
2.75 
2.793 
2.835 
2.879 
2.934 
2.964 
3.011 
3.052 
3.102 
3.142 
3.191 
3.23 
3.278 
3.322 
3.354 
3.402 
3.442 
3.486 
3.527 
3.571 
3.612 
3.656 
3.697 
3.736 
3.781 
3.821 
3.865 
3.905 
3.951 
3.989 
4.036 
4.075 
4.117 
4.163 
4.203 
4.247 
4.287 
4.331 
4.372 
4.416 
4.456 
4.497 
4.541 
4.58 
4.626 
4.665 
4.711 
4.751 
4.798 
4.837 
4.878 
0.416 
0.456 
0.497 
0.542 
0.614 
0.653 
0.701 
0.741 
0.792 
0.829 
0.872 
0.918 
0.983 
1.028 
1.069 
1.117 
1.157 
1.201 
1.242 
1.287 
1.33 
1.375 
1.416 
1.466 
1.53 
1.575 
1.616 
1.662 
1.703 
1.742 
1.79 
1.83 
1.874 
1.925 
1.983 
2.014 
2.045 
2.084 
2.136 
2.181 
2.271 
2.323 
2.384 
2.433 
2.485 
2.541 
2.579 
2.624 
2.663 
2.71 
2.749 
2.791 
2.835 
2.886 
2.92 
2.961 
3.006 
3.047 
3.09 
3.131 
3.174 
3.22 
3.26 
3.307 
3.346 
3.392 
3.439 
3.475 
3.514 
3.556 
3.602 
3.644 
3.688 
3.73 
3.772 
3.813 
3.856 
3.898 
3.937 
3.983 
4.023 
4.069 
4.107 
4.153 
4.192 
4.238 
4.278 
4.319 
4.365 
4.405 
4.45 
4.49 
4.534 
4.575 
4.621 
4.662 
4.702 
4.747 
4.787 
4.833 
0.39 
0.479 
0.56 
0.783 
0.826 
0.895 
0.937 
0.989 
1.036 
1.075 
1.119 
1.187 
1.227 
1.282 
1.332 
1.393 
1.446 
1.501 
1.565 
1.65 
1.691 
1.743 
1.78 
1.845 
1.888 
1.929 
1.973 
2.016 
2.059 
2.1 
2.14 
2.191 
2.252 
2.293 
2.336 
2.38 
2.422 
2.466 
2.518 
2.553 
2.594 
2.638 
2.679 
2.719 
2.766 
2.804 
2.873 
2.913 
2.962 
3 
3.047 
3.086 
3.132 
3.181 
3.213 
3.256 
3.298 
3.341 
3.388 
3.425 
3.465 
3.506 
3.551 
3.589 
3.637 
3.677 
3.725 
3.767 
3.813 
3.851 
3.892 
3.935 
3.976 
4.019 
4.06 
4.105 
4.144 
4.184 
4.231 
4.27 
4.316 
4.354 
4.401 
4.438 
4.48 
4.523 
4.564 
4.607 
4.649 
4.692 
4.733 
4.777 
4.818 
4.856 
4.901 
4.939 
4.985 
5.025 
5.072 
5.11 
0.435 
0.47 
0.515 
0.555 
0.628 
0.667 
0.715 
0.755 
0.811 
0.842 
0.889 
0.93 
0.999 
1.037 
1.085 
1.126 
1.171 
1.212 
1.253 
1.3 
1.343 
1.392 
1.433 
1.496 
1.557 
1.607 
1.65 
1.705 
1.761 
1.818 
1.868 
1.933 
1.999 
2.061 
2.102 
2.143 
2.186 
2.226 
2.281 
2.317 
2.389 
2.428 
2.475 
2.514 
2.565 
2.605 
2.644 
2.688 
2.729 
2.772 
2.813 
2.862 
2.903 
2.955 
2.993 
3.035 
3.084 
3.117 
3.164 
3.205 
3.246 
3.292 
3.332 
3.379 
3.418 
3.464 
3.502 
3.548 
3.586 
3.627 
3.671 
3.711 
3.754 
3.796 
3.84 
3.88 
3.919 
3.964 
4.002 
4.048 
4.088 
4.134 
4.174 
4.215 
4.258 
4.298 
4.342 
4.382 
4.425 
4.465 
4.508 
4.548 
4.586 
4.631 
4.67 
4.716 
4.755 
4.799 
4.838 
4.878 
0.331 
0.365 
0.414 
0.473 
0.52 
0.562 
0.607 
0.649 
0.72 
0.752 
0.8 
0.84 
0.887 
0.926 
0.991 
1.03 
1.078 
1.117 
1.165 
1.205 
1.256 
1.308 
1.39 
1.438 
1.507 
1.548 
1.602 
1.644 
1.691 
1.731 
1.773 
1.819 
1.86 
1.902 
2 
2.046 
2.098 
2.137 
2.194 
2.229 
2.283 
2.329 
2.371 
2.422 
2.464 
2.514 
2.553 
2.6 
2.64 
2.689 
2.731 
2.785 
2.824 
2.878 
2.912 
2.954 
2.998 
3.04 
3.084 
3.129 
3.18 
3.221 
3.269 
3.308 
3.349 
3.392 
3.433 
3.476 
3.52 
3.572 
3.612 
3.654 
3.698 
3.74 
3.783 
3.837 
3.883 
3.923 
3.967 
4.008 
4.051 
4.092 
4.131 
4.177 
4.216 
4.263 
4.301 
4.347 
4.385 
4.427 
4.47 
4.512 
4.555 
4.597 
4.64 
4.682 
4.723 
4.769 
4.807 
4.853 
