823.32
823.32
823.32
823.32
823.32
823.32
823.32
823.32
823.32
823.32
823.32
823.32
823.32
823.32
823.32
823.32
823.32
823.32
823.32
823.32
823.32
823.32
823.32
823.32
823.32
823.32
823.32
823.32
823.32
823.32
823.32
823.32
823.32
823.32
823.32
823.32
823.32
823.32
823.32
823.32
823.32
823.32
823.32
823.32
823.32
823.32
823.32
823.32
823.32
823.32
823.32
823.32
823.32
823.32
823.32
823.32
823.32
823.32
823.32
823.32
823.32
823.32
823.32
823.32
823.32
823.32
823.32
823.32
823.32
823.32
823.32
823.32
823.32
823.32
823.32
823.32
823.32
823.32
823.32
823.32
823.32
823.32
823.32
823.32
823.32
823.32
823.32
823.32
823.32
823.32
823.32
823.32
823.32
823.32
823.32
823.32
823.32
823.32
823.32
823.32
694.04
551.20
633.76
633.76
633.76
633.76
633.76
633.76
633.76
633.76
633.76
633.76
633.76
633.76
633.76
633.76
633.76
633.76
633.76
633.76
633.76
633.76
633.76
633.76
633.76
633.76
633.76
633.76
633.76
633.76
633.76
633.76
633.76
633.76
633.76
633.76
633.76
633.76
633.76
633.76
633.76
633.76
633.76
633.76
633.76
633.76
633.76
633.76
633.76
633.76
633.76
633.76
633.76
633.76
633.76
633.76
633.76
633.76
633.76
633.76
633.76
633.76
633.76
633.76
633.76
633.76
633.76
633.76
633.76
633.76
633.76
633.76
633.76
633.76
633.76
633.76
633.76
633.76
633.76
633.76
633.76
633.76
633.76
633.76
633.76
633.76
633.76
633.76
633.76
633.76
633.76
633.76
633.76
633.76
633.76
633.76
633.76
633.76
633.76
633.76
633.76
633.76
1082.00
1082.00
1082.00
1082.00
1082.00
1082.00
1082.00
1082.00
1082.00
1082.00
1082.00
1082.00
1082.00
1082.00
1082.00
1082.00
1082.00
1082.00
1082.00
1082.00
1082.00
1082.00
1082.00
1082.00
1082.00
1082.00
1082.00
1082.00
1082.00
1082.00
1082.00
1082.00
1082.00
1082.00
1082.00
1082.00
1082.00
1082.00
1082.00
1082.00
1082.00
1082.00
1082.00
1082.00
1082.00
1082.00
1082.00
1082.00
1082.00
1082.00
1082.00
1082.00
1082.00
1082.00
1082.00
1082.00
1082.00
1082.00
1082.00
1082.00
1082.00
1082.00
1082.00
1082.00
1082.00
1082.00
1082.00
1082.00
1082.00
1082.00
1082.00
1084.64
1084.64
1084.64
1084.64