0.273
0.288
0.277
0.244
0.295
0.258
0.251
0.296
0.263
0.315
0.284
0.262
0.311
0.277
0.345
0.321
0.287
0.338
0.304
0.299
0.343
0.310
0.364
0.342
0.310
0.362
0.325
0.309
0.376
0.349
0.334
0.381
0.354
0.415
0.390
0.357
0.407
0.371
0.355
0.401
0.368
0.378
0.434
0.410
0.379
0.426
0.398
0.382
0.431
0.398
0.444
0.407
0.393
0.457
0.412
0.394
0.444
0.410
0.464
0.428
0.412
0.460
0.426
0.475
0.457
0.424
0.318
0.305
0.289
0.277
0.319
0.0.306
0.0.291
0.331
0.318
0.303
0.331
0.316
0.302
0.349
0.343
0.329
0.316
0.361
0.348
0.341
0.329
0.373
0.361
0.344
0.341
0.384
0.374
0.358
0.346
0.388
0.376
0.361
0.351
0.399
0.387
0.373
0.363
0.406
0.402
0.389
0.378
0.421
0.406
0.400
0.389
0.433
0.419
0.405
0.397
0.453
0.439
0.427
0.414
0.465
0.452
0.438
0.426
0.469
0.463
0.451
0.439
0.482
0.468
0.464
0.452
0.496
0.483
0.470
0.460
0.475
0.518
0.504
0.490
0.485
0.528
0.513
0.500
0.489
0.538
0.525
0.513
0.501
0.504
0.548
0.535
0.519
0.514
0.556
0.543
0.528
0.517
0.564
0.551
0.536
0.525
0.570
0.561
0.546
0.535
0.259
15.642
15.673
15.669
15.655
15.700
15.671
15.668
15.664
15.690
15.720
15.714
15.702
15.700
15.743
15.739
15.736
15.738
15.705
15.689
15.758
15.750
15.721
15.696
15.765
15.791
15.759
15.736
15.730
15.729
15.788
15.762
15.754
15.752
15.808
15.790
15.786
15.782
15.792
15.834
15.828
15.823
18.768
18.747
18.740
18.738
18.800
18.770
18.768
18.762
18.815
18.788
18.786
18.781
18.783
18.813
18.816
18.809
18.824
18.792
18.777
18.768
18.766
18.823
18.796
18.852
18.843
18.848
18.816
18.794
18.784
18.783
18.836
18.816
18.807
18.806
18.826
18.852
18.843
18.838
18.886
18.869
18.840
18.836
18.830
18.834
18.891
18.889
18.883
18.900
18.903
18.895
18.917
18.932
18.916
0.219
0.210
0.203
0.247
0.235
0.227
0.218
0.246
0.238
0.230
19.097
19.093
19.108
0.267
0.266
0.257
0.281
0.273
0.264
0.300
0.286
0.278
0.269
19.133
19.136
19.158
0.306
0.304
0.293
0.319
0.310
0.306
0.330
0.322
0.314
0.410
0.402
0.393
0.384
0.420
0.411
0.402
0.428
0.423
0.415
0.405
0.431
0.429
0.420
0.448
0.437
0.428
0.421
0.457
0.450
0.441
0.431
0.461
0.453
0.444
0.469
0.465
0.457
0.472
0.463
0.461
0.488
0.479
0.470
0.517
0.503
0.494
0.483
0.517
0.508
0.500
0.425
0.532
0.526
0.518
0.554
0.542
0.533
0.524
0.562
0.554
0.545
0.536
0.567
0.558
0.549
0.106
0.108
0.111
0.117
0.116
0.116
0.123
0.122
0.124
0.137
0.131
0.135
0.136
0.146
0.139