0.951 
0.558 
0.567 
0.548 
0.555 
0.591 
0.641 
0.605 
0.62 
1.909 
0.51 
0.521 
0.548 
0.55 
0.539 
0.564 
0.565 
1.43 
1.853 
1.656 
1.697 
1.044 
1.051 
1.072 
1.08 
1.094 
1.106 
3.788 
0.8 
0.73 
0.744 
0.753 
1.16 
2.848 
3.756 
3.797 
3.778 
2.508 
2.644 
2.558 
2.448 
3.811 
4.375 
2.222 
2.23 
2.248 
2.597 
2.656 
2.611 
2.661 
0.703 
0.914 
0.948 
1.001 
1.296 
1.372 
2.545 
2.617 
2.769 
3.602 
0.633 
0.54 
1.957 
2.713 
2.68 
2.68 
2.554 
3.472 
3.634 
0.683 
0.62 
0.631 
2.112 
2.567 
0.686 
0.598 
0.612 
0.627 
1.063 
1.023 
1.077 
2.689 
2.709 
2.717 
0.93 
0.969 
0.985 
1.328 
0.522 
0.578 
2.258 
2.55 
2.695 
2.768 
0.972 
0.849 
0.856 
0.881 
0.873 
0.809 
0.825 
0.849 
1.016 
1.771 
2.254 
2.471 
2.564 
2.569 
3.868 
3.867 
0.567 
0.618 
0.637 
0.598 
0.611 
0.653 
0.728 
0.856 
1.183 
1.947 
0.621 
0.626 
0.646 
0.657 
1.035 
1.06 
2.751 
0.624 
0.636 
0.65 
1.969 
1.94 
2.21 
2.242 
2.573 
2.669 
2.631 
3.588 
0.638 
0.647 
0.658 
0.664 
0.674 
1.414 
2.223 
2.425 
2.507 
10.161 
0.575 
0.605 
0.598 
0.576 
2.139 
1.958 
2.756 
2.062 
2.467 
2.956 
0.654 
0.585 
0.602 
0.649 
0.664 
1.924 
2.778 
2.79 
4.402 
1.379 
1.404 
1.632 
0.544 
1.952 
1.618 
1.624 
1.728 
0.576 
0.591 
0.611 
0.577 
0.888 
2.62 
2.633 
2.678 
2.355 
3.771 
5.466 
