0.408 
0.466 
0.419 
0.38 
0.333 
0.297 
0.425 
0.383 
0.337 
0.475 
0.425 
0.383 
0.337 
0.474 
0.432 
0.388 
0.346 
0.462 
0.413 
0.378 
0.337 
0.466 
0.422 
0.377 
0.344 
0.472 
0.43 
0.381 
0.35 
0.473 
0.431 
0.393 
0.534 
0.484 
0.444 
0.396 
0.527 
0.471 
0.437 
0.394 
0.536 
0.5 
0.455 
0.412 
0.547 
0.489 
0.457 
0.413 
0.538 
0.498 
0.462 
0.421 
0.542 
0.497 
0.448 
0.419 
0.539 
0.497 
0.45 
0.502 
0.458 
0.598 
0.547 
0.505 
0.459 
0.593 
0.538 
0.509 
0.46 
0.597 
0.542 
0.512 
0.47 
0.586 
0.546 
0.498 
0.467 
0.461 
0.634 
0.564 
0.531 
0.487 
0.612 
0.571 
0.536 
0.492 
0.615 
0.571 
0.523 
0.492 
0.62 
0.576 
0.529 
0.667 
0.617 
0.575 
0.53 
0.504 
0.502 
0.504 
0.528 
0.513 
0.444 
0.346 
0.544 
0.428 
0.339 
0.48 
0.384 
0.587 
0.466 
0.367 
0.528 
0.431 
0.646 
0.505 
0.407 
0.613 
0.48 
0.398 
0.556 
0.459 
0.637 
0.53 
0.431 
0.59 
0.496 
0.402 
0.586 
0.516 
0.426 
0.626 
0.519 
0.711 
0.569 
0.47 
0.668 
0.55 
0.458 
0.601 
0.522 
0.536 
0.735 
0.607 
0.508 
0.666 
0.569 
0.479 
0.651 
0.548 
0.707 
0.594 
0.51 
0.739 
0.581 
0.495 
0.674 
0.568 
0.731 
0.619 
0.529 
0.707 
0.6 
0.767 
0.661 
0.563 
0.783 
0.678 
0.42 
0.372 
0.746 
0.665 
0.41 
0.788 
0.694 
0.436 
0.727 
0.453 
0.401 
0.824 
0.736 
0.461 
0.413 
0.83 
0.743 
0.472 
0.422 
0.84 
0.753 
0.481 
0.433 
0.852 
0.766 
0.493 
0.445 
0.797 
0.726 
0.47 
0.436 
0.81 
0.732 
0.477 
0.445 
0.819 
0.741 
0.488 
0.455 
0.829 
0.749 
0.499 
0.461 
0.842 
0.762 
0.511 
0.475 
0.903 
0.8 
0.552 
0.505 
0.892 
0.807 
0.562 
0.514 
0.9 
0.817 
0.573 
0.523 
0.911 
0.828 
0.581 
0.533 
0.923 
0.841 
0.593 
0.545 
0.563 
0.97 
0.877 
0.62 
0.573 
0.978 
0.878 
0.629 
0.58 
0.989 
0.89 
0.64 
0.592 
0.584 
0.963 
0.884 
0.624 
0.594 
0.971 
0.893 
0.634 
0.604 
0.982 
0.903 
0.645 
0.614 
0.993 
0.916 
0.657 
0.623 
0.607 
3.386 
3.303 
0.284 
3.441 
3.344 
0.33 
0.274 
3.39 
0.352 
0.298 
3.421 
0.38 
0.322 
3.454 
3.367 
0.358 
3.51 
3.407 
0.387 
0.335 
3.403 
0.395 
0.346 
3.44 
0.422 
0.368 
3.488 
3.411 
0.386 
3.616 
3.556 
0.517 
0.461 
3.587 
3.505 
0.49 
3.635 
3.539 
0.521 
0.469 
3.596 
0.557 
0.496 
3.655 
3.556 
0.538 
0.489 
3.666 
3.582 
0.56 
0.509 
3.629 
0.586 
0.528 
3.659 
3.577 
0.568 
3.638 
0.599 
0.543 
3.68 
3.592 
0.581 
3.73 
3.605 
0.597 
0.546 
3.664 
0.627 
0.571 
0.552 
3.7 
3.619 
0.604 
3.763 
3.663 
0.643 
0.591 
3.737 
3.676 
0.655 
0.604 
3.73 
0.686 
0.624 
0.558 
0.541 
0.546 
0.55 
0.527 
0.531 
0.362 
0.316 
0.366 
0.593 
0.372 
0.55 
0.33 
0.602 
0.335 
