3.007 
3.221 
3.225 
3.223 
3.21 
3.217 
3.219 
5.234 
5.254 
5.269 
5.282 
5.308 
5.312 
5.322 
5.329 
5.331 
5.341 
5.347 
2.023 
2.016 
2.016 
2.017 
2.021 
2.027 
2.023 
2.024 
2.031 
2.035 
1.938 
1.938 
1.946 
1.949 
1.948 
1.957 
1.95 
1.955 
1.959 
1.965 
18.468 
18.474 
18.476 
18.478 
18.53 
18.524 
18.523 
18.524 
18.525 
18.528 
18.527 
18.528 
18.53 
18.533 
18.537 
18.541 
18.542 
18.544 
18.547 
18.546 
18.547 
18.549 
18.551 
18.554 
18.554 
18.556 
18.556 
18.556 
18.561 
18.563 
18.564 
18.567 
18.565 
18.57 
18.572 
18.573 
18.576 
18.577 
18.578 
18.58 
18.582 
18.585 
18.583 
18.582 
18.584 
18.585 
18.587 
18.59 
18.599 
18.6 
18.602 
18.604 
18.607 
18.608 
18.609 
18.612 
18.615 
18.617 
18.624 
18.626 
18.629 
18.663 
18.664 
18.666 
18.667 
18.67 
18.674 
18.672 
18.674 
18.676 
18.679 
18.68 
18.693 
18.695 
18.696 
18.7 
18.687 
18.69 
18.69 
18.69 
18.695 
18.697 
18.701 
18.712 
18.713 
18.714 
18.716 
18.719 
18.704 
18.706 
18.708 
18.704 
18.712 
18.721 
18.722 
18.723 
18.725 
18.729 
18.716 
18.72 
18.722 
18.728 
18.729 
18.733 
18.735 
18.762 
18.755 
18.754 
18.755 
18.757 
18.758 
18.76 
18.761 
18.763 
18.767 
18.766 
18.754 
18.757 
18.761 
18.766 
18.769 
18.768 
18.771 
18.772 
18.774 
18.777 
18.777 
18.779 
18.775 
18.783 
18.786 
18.794 
18.796 
18.799 
18.801 
18.803 
18.803 
18.805 
18.807 
18.809 
18.813 
18.812 
18.814 
18.817 
18.819 
18.821 
18.825 
18.827 
18.829 
18.831 
18.833 
18.839 
18.841 
18.854 
18.857 
18.859 
18.887 
18.887 
18.888 
18.89 
18.893 
18.892 
18.891 
18.893 
18.895 
18.898 
18.906 
18.907 
18.908 
18.91 
18.914 
18.922 
18.923 
18.924 
18.927 
18.931 
18.935 
18.937 
18.939 
18.942 
18.947 
18.948 
18.949 
18.952 
18.954 
18.958 
18.962 
18.964 
18.966 
18.969 
18.946 
18.947 
18.95 
18.952 
18.954 
18.96 
18.961 
18.963 
18.966 
18.969 
9.29 
9.293 
9.311 
9.301 
9.301 
9.297 
9.299 
9.301 
9.305 
9.306 
9.308 
9.311 
9.305 
9.306 
9.313 
9.314 
9.316 
9.336 
9.34 
9.337 
9.34 
9.345 
9.349 
9.351 
9.351 
9.352 
9.356 
9.365 
9.374 
9.376 
9.378 
9.382 
9.384 
9.387 
9.386 
9.389 
9.395 
9.397 
9.405 
9.403 
9.406 
9.415 
9.416 
9.419 
9.403 
9.405 
9.418 
9.419 
9.422 
9.423 
9.356 
9.36 
9.356 
9.38 
9.37 
9.371 
9.369 
9.371 
9.372 
9.374 
9.375 
9.374 
9.376 
9.382 
9.384 
9.385 
9.399 
9.401 
9.401 
9.401 
9.402 
9.41 
9.411 
9.409 
9.41 
9.412 
9.427 
9.428 
9.434 
9.435 
9.436 
9.436 
9.439 
9.439 
9.441 
9.452 
9.461 
9.462 
9.462 
9.464 
9.471 
9.468 
9.469 
9.465 
9.469 
9.472 
9.475 
9.48 
9.485 
9.486 
