1.393 
2.725 
2.741 
2.754 
2.77 
2.762 
2.783 
2.652 
2.734 
2.73 
2.731 
2.782 
2.8 
2.771 
3.602 
3.903 
3.906 
3.908 
3.915 
3.906 
3.91 
3.916 
3.945 
3.937 
3.418 
3.501 
3.501 
3.502 
3.502 
3.529 
3.539 
3.704 
3.702 
3.709 
2.47 
2.592 
2.59 
2.608 
2.62 
2.62 
2.037 
2.044 
2.045 
2.058 
2.225 
2.346 
2.351 
2.401 
2.403 
2.608 
2.648 
2.65 
2.657 
2.665 
2.653 
2.94 
3.023 
3.037 
3.035 
3.034 
3.042 
3.048 
2.583 
2.651 
2.66 
2.668 
2.682 
2.675 
2.8 
2.981 
2.988 
2.988 
2.987 
4.133 
4.147 
2.903 
2.977 
2.98 
2.976 
2.976 
4.156 
4.139 
1.874 
1.863 
1.928 
1.564 
1.655 
2.148 
2.234 
2.27 
2.337 
2.358 
2.414 
2.441 
2.428 
2.436 
2.967 
3.029 
3.085 
3.114 
3.099 
3.083 
4.147 
4.43 
3.992 
4.369 
4.375 
4.402 
3.886 
3.899 
3.901 
3.895 
3.894 
3.917 
4.09 
4.113 
4.091 
4.092 
2.064 
2.066 
2.064 
2.065 
2.6 
2.66 
2.668 
2.667 
2.667 
2.67 
2.492 
2.593 
2.594 
2.595 
2.623 
2.642 
3.288 
3.439 
3.448 
3.458 
3.461 
3.464 
3.467 
3.469 
3.478 
2.934 
2.935 
2.936 
2.957 
2.954 
2.965 
3.213 
3.326 
3.411 
3.418 
3.436 
3.415 
3.411 
3.425 
3.418 
2.203 
2.268 
2.269 
2.269 
2.48 
2.491 
2.64 
2.633 
2.635 
2.641 
4.196 
4.209 
4.209 
4.213 
4.211 
4.205 
4.221 
4.215 
1.839 
1.938 
6.487 
6.54 
6.573 
6.567 
6.534 
6.552 
6.515 
7.41 
7.38 
7.398 
3.507 
3.564 
4.81 
4.815 
4.829 
5.079 
5.088 
5.08 
5.082 
5.091 
5.082 
5.08 
1.808 
1.933 
1.94 
1.886 
1.951 
1.956 
2.948 
3.057 
3.052 
3.059 
3.075 
3.075 
3.079 
1.918 
1.999 
2.003 
2.003 
3.148 
3.183 
3.198 
3.186 
3.194 
3.197 
3.201 
3.232 
1.811 
1.947 
1.948 
2.565 
2.586 
2.586 
2.608 
2.608 
2.614 
3.622 
3.663 
3.671 
3.665 
3.667 
3.663 
3.664 
3.662 
3.853 
4.665 
4.82 
3.43 
3.46 
3.483 
3.467 
3.475 
3.462 
3.453 
3.485 
3.498 
1.275 
1.247 
16.58 
16.62 
16.596 
16.679 
16.659 
16.661 
16.676 
16.666 
16.677 
16.667 
16.698 
