1.006
1.006
1.009
1.010
1.011
1.905
1.899
1.899
1.900
1.910
1.919
1.909
1.906
1.908
1.917
1.879
1.875
1.883
1.888
1.883
1.890
1.886
1.891
1.893
1.898
18.256
18.256
18.255
18.255
18.354
18.352
18.351
18.351
18.350
18.349
18.342
18.341
18.340
18.345
18.349
18.348
18.347
18.347
18.350
18.344
18.341
18.341
18.340
18.344
18.340
18.339
18.338
18.357
18.356
18.355
18.356
18.358
18.350
18.350
18.349
18.350
18.353
18.350
18.349
18.349
18.348
18.351
18.367
18.359
18.357
18.357
18.360
18.362
18.361
18.356
18.355
18.356
18.361
18.356
18.356
18.355
18.355
18.358
18.373
18.373
18.372
18.442
18.440
18.440
18.439
18.443
18.450
18.437
18.436
18.434
18.439
18.441
18.456
18.456
18.455
18.460
18.424
18.427
18.423
18.422
18.421
18.422
18.424
18.440
18.439
18.438
18.438
18.441
18.412
18.411
18.410
18.411
18.413
18.426
18.424
18.424
18.423
18.426
18.405
18.408
18.547
18.547
18.545
18.548
18.550
18.604
18.603
18.602
18.602
18.601
18.601
18.585
18.585
18.587
18.594
18.583
18.582
18.582
18.581
18.582
18.584
18.578
18.577
18.577
18.577
18.578
18.572
18.572
18.571
18.572
18.574
18.597
18.596
18.595
18.595
18.598
18.592
18.592
18.591
18.592
18.593
18.589
18.587
18.587
18.588
18.590
18.594
18.593
18.592
18.594
18.595
18.602
18.604
18.604
18.604
18.607
18.653
18.652
18.652
18.652
18.654
18.647
18.647
18.646
18.648
18.650
18.655
18.653
18.652
18.652
18.657
18.664
18.664
18.663
18.664
18.665
18.685
18.686
18.689
18.690
18.697
18.694
18.692
18.694
18.697
18.718
18.722
18.719
18.722
18.724
18.672
18.672
18.670
18.671
18.674
1.8681
18.679
18.678
18.679
18.681
9.188
9.188
9.204
9.202
9.200
9.184
9.183
9.182
9.191
9.184
9.180
9.184
9.165
9.165
9.175
9.173
9.175
9.197
9.197
9.186
9.184
9.185
9.189
9.188
9.182
9.181
9.182
9.196
9.225
9.223
9.225
9.228
9.227
9.232
9.219
9.220
9.236
9.235
9.236
9.223
9.222
9.245
9.243
9.244
9.199
9.200
9.220
9.218
9.219
9.218
9.250
9.250
9.240
9.268
9.265
9.264
9.257
9.256
9.256
9.255
9.254
9.249
9.248
9.255
9.254
9.253
9.272
9.272
9.267
9.266
9.265
9.270
9.270
9.266
9.265
9.263
9.296
9.294
9.300
9.300
9.298
9.293
9.292
9.289
9.287
9.297
9.310
9.307
9.301
9.300
9.311
9.299
9.297
9.286
9.287
9.285
9.285
9.283
9.287
9.286