15.557 
15.671 
15.665 
15.672 
15.68 
15.688 
15.69 
15.682 
15.676 
15.7 
15.691 
15.679 
15.773 
15.779 
15.793 
15.812 
15.8 
15.807 
15.813 
15.808 
15.806 
15.817 
15.803 
15.799 
15.806 
15.825 
15.811 
15.813 
15.807 
15.819 
15.826 
15.826 
15.833 
15.83 
15.826 
15.831 
15.844 
15.836 
15.846 
15.839 
15.842 
15.847 
15.849 
15.843 
15.865 
15.858 
15.854 
15.845 
19.24 
19.251 
19.825 
19.84 
19.843 
19.831 
19.944 
20.015 
20.088 
20.102 
20.116 
20.096 
20.11 
20.101 
20.124 
20.116 
20.109 
20.134 
20.133 
20.135 
20.127 
20.13 
20.139 
20.199 
20.294 
20.334 
20.362 
20.363 
20.368 
20.366 
20.357 
20.359 
20.36 
20.388 
20.394 
20.402 
20.396 
20.408 
20.411 
20.396 
20.413 
20.429 
20.415 
20.41 
20.422 
20.423 
20.418 
20.421 
20.411 
20.427 
20.43 
20.411 
20.418 
20.418 
20.442 
20.596 
20.657 
20.686 
20.663 
20.679 
20.674 
20.684 
23.676 
23.654 
23.664 
23.656 
24.136 
24.143 
24.128 
24.63 
24.656 
24.637 
24.639 
24.667 
24.661 
24.651 
24.651 
24.651 
24.657 
24.653 
24.678 
24.677 
24.663 
24.684 
24.681 
24.672 
24.692 
24.67 
24.681 
24.691 
24.684 
24.707 
24.967 
24.966 
24.957 
24.97 
24.977 
24.978 
24.972 
24.967 
24.973 
24.983 
24.972 
24.991 
24.979 
24.994 
24.979 
24.987 
24.999 
24.99 
25.001 
24.998 
25.006 
25.026 
25.031 
25.03 
25.007 
25.016 
25.014 
25.016 
25.023 
25.023 
25.034 
25.044 
25.049 
25.033 
25.034 
25.061 
25.045 
25.041 
25.042 
25.054 
25.075 
25.057 
25.079 
25.073 
25.063 
25.084 
25.071 
25.07 
21.328 
23.113 
23.103 
23.095 
23.096 
23.09 
23.099 
23.111 
23.097 
23.115 
23.113 
23.124 
23.129 
23.122 
23.124 
23.118 
23.136 
23.125 
23.189 
23.182 
23.187 
23.188 
23.194 
23.201 
23.21 
23.211 
23.202 
23.215 
23.226 
23.219 
23.199 
23.232 
23.228 
23.211 
23.221 
23.227 
23.241 
23.228 
23.244 
23.234 
23.255 
23.254 
23.24 
23.249 
23.252 
23.26 
23.25 
23.264 
23.261 
23.271 
23.276 
23.256 
23.27 
23.273 
23.275 
23.275 
23.288 
23.27 
23.292 
23.276 
23.286 
23.28 
23.297 
23.281 
23.308 
23.306 
23.308 
23.312 
8.876 
8.883 
8.881 
9.399 
9.4 
9.419 
9.418 
9.419 
9.422 
9.431 
9.438 
6.864 
6.847 
6.864 
6.851 
6.864 
16.223 
16.233 
16.244 
16.834 
16.842 
16.844 
16.896 
16.9 
16.844 
16.859 
16.904 
16.858 
16.915 
16.872 
16.867 
16.869 
16.88 
16.879 
16.884 
16.889 
16.888 
16.882 
16.893 
16.902 
16.904 
16.904 
16.898 
16.905 
16.909 
16.918 
16.926 
16.94 
16.935 
16.94 
16.936 
16.944 
16.948 
16.999 
16.944 
16.951 
12.958 
13.509 
13.856 
13.849 
13.864 
13.856 
13.868 
13.862 
13.876 
13.869 
13.873 
13.883 
13.884 
13.876 
13.881 
13.894 
13.885 
13.899 
13.888 
13.906 
13.91 
13.905 
13.907 
13.913 
13.904 
13.913 
13.907 
13.908 
13.928 
13.913 
14.015 
14.022 
14.147 
14.158 
1.073
