0.719 
19.195 
19.176 
19.206 
19.21 
19.175 
19.219 
19.221 
19.199 
19.211 
19.197 
19.255 
19.258 
19.245 
19.239 
19.259 
19.264 
19.277 
19.231 
19.239 
19.257 
19.296 
19.242 
19.278 
19.281 
19.29 
19.285 
19.248 
19.276 
19.272 
19.259 
19.259 
19.286 
19.263 
19.289 
19.295 
19.278 
19.292 
19.325 
19.317 
19.308 
19.314 
19.324 
19.313 
19.316 
19.325 
19.333 
19.321 
19.312 
19.344 
19.344 
19.316 
19.351 
19.335 
19.354 
19.337 
19.36 
19.326 
19.33 
19.352 
19.368 
19.368 
19.367 
19.35 
19.349 
19.388 
19.392 
19.366 
19.388 
19.381 
19.395 
19.396 
19.416 
19.393 
19.431 
19.431 
19.442 
19.415 
19.451 
19.441 
19.449 
19.442 
19.465 
19.484 
19.466 
19.481 
19.491 
19.484 
19.507 
19.518 
19.522 
19.506 
19.536 
19.509 
19.546 
19.519 
19.521 
19.567 
19.565 
19.557 
19.549 
2.016 
2.031 
2.034 
2.033 
2.038 
2.044 
2.044 
2.043 
2.059 
2.073 
1.939 
1.95 
1.964 
1.949 
1.957 
1.959 
1.96 
1.964 
1.972 
1.97 
1.958 
1.967 
1.97 
1.967 
1.977 
1.978 
1.985 
2.005 
1.987 
1.988 
1.913 
1.919 
1.922 
1.922 
1.935 
1.936 
1.934 
1.954 
1.939 
1.949 
9.517 
9.508 
9.515 
9.512 
9.526 
9.518 
9.515 
9.522 
9.532 
9.528 
9.539 
9.542 
9.534 
9.539 
9.549 
9.544 
9.551 
9.547 
9.566 
9.555 
9.561 
9.565 
9.575 
9.583 
9.589 
9.587 
9.592 
9.591 
9.602 
9.591 
9.6 
9.605 
9.611 
9.606 
9.614 
9.611 
9.619 
9.626 
9.622 
9.627 
9.618 
9.623 
9.635 
9.636 
9.642 
9.633 
9.64 
9.646 
9.65 
9.647 
9.589 
9.593 
9.611 
9.614 
9.608 
9.609 
9.611 
9.623 
9.628 
9.624 
9.625 
9.625 
9.649 
9.629 
9.64 
9.644 
9.645 
9.648 
9.637 
9.646 
9.654 
9.654 
9.657 
9.661 
9.655 
9.675 
9.658 
9.661 
9.674 
9.666 
9.681 
9.679 
9.689 
9.688 
9.695 
9.701 
9.704 
9.708 
9.698 
9.709 
9.698 
9.712 
9.703 
9.719 
9.72 
9.725 
9.719 
9.716 
9.719 
9.731 
9.518 
9.52 
9.512 
9.519 
9.523 
9.528 
9.521 
9.539 
9.536 
9.535 
9.548 
9.53 
9.547 
9.548 
9.568 
9.561 
9.565 
9.568 
9.563 
9.569 
9.568 
9.566 
9.583 
9.567 
9.578 
9.576 
9.606 
9.599 
9.588 
9.598 
9.608 
9.599 
9.608 
9.612 
9.606 
9.618 
9.621 
9.62 
9.622 
9.628 
9.62 
9.621 
9.638 
9.642 
9.643 
9.637 
9.635 
9.655 
9.639 
9.645 
9.372 
9.388 
9.37 
9.387 
9.391 
9.4 
9.396 
9.404 
9.41 
9.427 
9.42 
9.429 
9.429 
9.426 
9.449 
9.471 
9.459 
9.457 
9.472 
9.481 
9.486 
9.495 
9.496 
9.485 
9.504 
9.501 
9.511 
9.503 
9.5 
9.502 
9.513 
9.506 
9.519 
9.521 
9.529 
9.524 
9.531 
9.517 
9.527 
9.53 
9.527 
9.531 
9.537 
9.531 
9.536 
9.553 
9.553 
9.551 
9.557 
9.561 
1.132 
1.129 
1.129 
1.132 
1.135 
