0.621
19.018
18.948
19.012
19.019
18.933
19.021
19.016
18.949
18.966
18.939
19.039
19.037
18.986
18.970
19.013
19.024
19.045
18.946
18.959
18.990
19.055
18.961
19.030
19.034
19.052
19.043
18.957
18.999
18.997
18.975
18.973
19.010
18.976
19.011
19.018
18.985
19.008
19.060
19.028
19.007
19.019
19.034
19.010
19.013
19.031
19.040
19.016
19.006
19.063
19.050
19.007
19.072
19.029
19.068
19.024
19.077
19.002
19.012
19.039
19.069
19.057
19.049
19.022
19.014
19.085
19.085
19.025
19.059
19.036
19.059
19.051
19.088
19.035
19.103
19.079
19.100
19.033
19.087
19.058
19.059
19.041
19.063
19.090
19.046
19.052
19.059
19.037
19.065
19.077
19.080
19.051
19.092
19.046
19.109
19.052
19.048
19.129
19.097
19.078
19.056
19.53
19.64
19.62
19.59
19.63
19.72
19.72
19.67
19.79
19.83
18.94
18.98
19.01
18.95
18.97
19.00
19.00
19.03
19.08
19.07
19.07
19.13
19.15
19.09
19.21
19..20
19..26
19..29
19..17
19..19
18..54
18..66
18..67
18..64
18..75
18..72
18..67
18..81
18..69
18..82
9..427
9..402
9..419
9..407
9..433
9..411
9..400
9..410
9..430
9..408
9..431
9..434
9..404
9..423
9.440
9.421
9.434
9.419
9.459
9.429
9.433
9.439
9.457
9.450
9.459
9.449
9.454
9.447
9.466
9.441
9.453
9.458
9.468
9.448
9.467
9.449
9.465
9.473
9.457
9.471
9.445
9.448
9.473
9.467
9.479
9.454
9.464
9.473
9.479
9.464
9.482
9.478
9.508
9.509
9.494
9.490
9.492
9.514
9.519
9.504
9.502
9.500
9.527
9.499
9.522
9.528
9.527
9.529
9.506
9.513
9.532
9.528
9.530
9.535
9.520
9.555
9.521
9.522
9.545
9.526
9.531
9.525
9.536
9.530
9.543
9.555
9.557
9.560
9.534
9.557
9.536
9.555
9.538
9.567
9.559
9.574
9.552
9.545
9.548
9.565
9.408
9.394
9.367
9.376
9.387
9.392
9.374
9.412
9.403
9.391
9.418
9.374
9.388
9.390
9.427
9.420
9.421
9.437
9.418
9.427
9.423
9.410
9.450
9.408
9.429
9.414
9.455
9.444
9.409
9.425
9.446
9.415
9.433
9.438
9.418
9.445
9.446
9.436
9.436
9.445
9.420
9.418
9.455
9.461
9.458
9.433
9.426
9.469
9.428
9.436
9.271
9.273
9.238
9.266
9.267
9.274
9.255
9.256
9.260
9.280
9.261
9.270
9.259
9.245
9.279
9.285
9.272
9.263
9.274
9.284
9.282
9.297
9.296
9.270
9.302
9.291
9.308
9.282
9.277
9.276
9.294
9.278
9.299
9.301
9.312
9.297
9.308
9.279
9.286
9.288
9.283
9.285
9.291
9.282
9.286
9.317
9.312
9.300
9.312
9.315